chi-square value, p value, expected counts
income5groups  1_Terrible  2_Bad  3_Average  4_Decent  5_Great
polityscore                                                   
-10                     0      0          0         1        1
-9                      0      2          1         0        0
-8                      0      0          0         1        1
-7                      2      2          5         2        0
-6                      0      1          1         0        0
-5                      1      0          0         1        0
-4                      2      2          2         0        0
-3                      3      0          2         1        0
-2                      1      3          0         0        1
-1                      4      0          0         0        0
 0                      2      2          0         0        0
 1                      3      0          0         0        0
 2                      1      1          1         0        0
 3                      0      1          1         0        0
 4                      1      1          2         0        0
 5                      4      3          0         0        0
 6                      5      3          1         1        0
 7                      6      4          1         2        0
 8                      2      6          5         4        2
 9                      1      2          8         3        1
 10                     0      1          0        12       19

￼
Terrible vs. Bad
chi-square value, p value, expected counts
(20.216364440513043, 0.32077115917373084, 18, array([[ 0.94444444,  1.05555556],
       [ 1.88888889,  2.11111111],
       [ 0.47222222,  0.52777778],
       [ 0.47222222,  0.52777778],
       [ 1.88888889,  2.11111111],
       [ 1.41666667,  1.58333333],
       [ 1.88888889,  2.11111111],
       [ 1.88888889,  2.11111111],
       [ 1.88888889,  2.11111111],
       [ 1.41666667,  1.58333333],
       [ 0.94444444,  1.05555556],
       [ 0.47222222,  0.52777778],
       [ 0.94444444,  1.05555556],
       [ 3.30555556,  3.69444444],
       [ 3.77777778,  4.22222222],
       [ 4.72222222,  5.27777778],
       [ 3.77777778,  4.22222222],
       [ 1.41666667,  1.58333333],
       [ 0.47222222,  0.52777778]]))
Terrible vs Average
chi-square value, p value, expected counts
(32.293088276246174, 0.013834236852866715, 17, array([[ 0.44117647,  0.55882353],
       [ 3.08823529,  3.91176471],
       [ 0.44117647,  0.55882353],
       [ 0.44117647,  0.55882353],
       [ 1.76470588,  2.23529412],
       [ 2.20588235,  2.79411765],
       [ 0.44117647,  0.55882353],
       [ 1.76470588,  2.23529412],
       [ 0.88235294,  1.11764706],
       [ 1.32352941,  1.67647059],
       [ 0.88235294,  1.11764706],
       [ 0.44117647,  0.55882353],
       [ 1.32352941,  1.67647059],
       [ 1.76470588,  2.23529412],
       [ 2.64705882,  3.35294118],
       [ 3.08823529,  3.91176471],
       [ 3.08823529,  3.91176471],
       [ 3.97058824,  5.02941176]]))
Terrible vs Decent
chi-square value, p value, expected counts
(38.70676691729323, 0.0019630979367522114, 17, array([[ 0.42424242,  0.57575758],
       [ 0.42424242,  0.57575758],
       [ 1.6969697 ,  2.3030303 ],
       [ 0.84848485,  1.15151515],
       [ 0.84848485,  1.15151515],
       [ 1.6969697 ,  2.3030303 ],
       [ 0.42424242,  0.57575758],
       [ 1.6969697 ,  2.3030303 ],
       [ 0.84848485,  1.15151515],
       [ 1.27272727,  1.72727273],
       [ 0.42424242,  0.57575758],
       [ 0.42424242,  0.57575758],
       [ 1.6969697 ,  2.3030303 ],
       [ 2.54545455,  3.45454545],
       [ 3.39393939,  4.60606061],
       [ 2.54545455,  3.45454545],
       [ 1.6969697 ,  2.3030303 ],
       [ 5.09090909,  6.90909091]]))
Terrible vs. Great
chi-square value, p value, expected counts
(54.644210526315788, 7.814434237827633e-06, 17, array([[  0.3968254 ,   0.6031746 ],
       [  0.3968254 ,   0.6031746 ],
       [  0.79365079,   1.20634921],
       [  0.3968254 ,   0.6031746 ],
       [  0.79365079,   1.20634921],
       [  1.19047619,   1.80952381],
       [  0.79365079,   1.20634921],
       [  1.58730159,   2.41269841],
       [  0.79365079,   1.20634921],
       [  1.19047619,   1.80952381],
       [  0.3968254 ,   0.6031746 ],
       [  0.3968254 ,   0.6031746 ],
       [  1.58730159,   2.41269841],
       [  1.98412698,   3.01587302],
       [  2.38095238,   3.61904762],
       [  1.58730159,   2.41269841],
       [  0.79365079,   1.20634921],
       [  7.53968254,  11.46031746]]))
Bad vs Average
chi-square value, p value, expected counts
(54.644210526315788, 7.814434237827633e-06, 17, array([[  0.3968254 ,   0.6031746 ],
       [  0.3968254 ,   0.6031746 ],
       [  0.79365079,   1.20634921],
       [  0.3968254 ,   0.6031746 ],
       [  0.79365079,   1.20634921],
       [  1.19047619,   1.80952381],
       [  0.79365079,   1.20634921],
       [  1.58730159,   2.41269841],
       [  0.79365079,   1.20634921],
       [  1.19047619,   1.80952381],
       [  0.3968254 ,   0.6031746 ],
       [  0.3968254 ,   0.6031746 ],
       [  1.58730159,   2.41269841],
       [  1.98412698,   3.01587302],
       [  2.38095238,   3.61904762],
       [  1.58730159,   2.41269841],
       [  0.79365079,   1.20634921],
       [  7.53968254,  11.46031746]]))
Bad vs. Decent
chi-square value, p value, expected counts
(31.28672161172161, 0.026664062330321519, 18, array([[ 0.5483871 ,  0.4516129 ],
       [ 1.09677419,  0.90322581],
       [ 0.5483871 ,  0.4516129 ],
       [ 2.19354839,  1.80645161],
       [ 0.5483871 ,  0.4516129 ],
       [ 0.5483871 ,  0.4516129 ],
       [ 1.09677419,  0.90322581],
       [ 0.5483871 ,  0.4516129 ],
       [ 1.64516129,  1.35483871],
       [ 1.09677419,  0.90322581],
       [ 0.5483871 ,  0.4516129 ],
       [ 0.5483871 ,  0.4516129 ],
       [ 0.5483871 ,  0.4516129 ],
       [ 1.64516129,  1.35483871],
       [ 2.19354839,  1.80645161],
       [ 3.29032258,  2.70967742],
       [ 5.48387097,  4.51612903],
       [ 2.74193548,  2.25806452],
       [ 7.12903226,  5.87096774]]))
Bad vs Great
chi-square value, p value, expected counts
(43.164862745098034, 0.00026391266100361056, 16, array([[  0.57627119,   0.42372881],
       [  1.15254237,   0.84745763],
       [  0.57627119,   0.42372881],
       [  1.15254237,   0.84745763],
       [  0.57627119,   0.42372881],
       [  1.15254237,   0.84745763],
       [  2.30508475,   1.69491525],
       [  1.15254237,   0.84745763],
       [  0.57627119,   0.42372881],
       [  0.57627119,   0.42372881],
       [  0.57627119,   0.42372881],
       [  1.72881356,   1.27118644],
       [  1.72881356,   1.27118644],
       [  2.30508475,   1.69491525],
       [  4.61016949,   3.38983051],
       [  1.72881356,   1.27118644],
       [ 11.52542373,   8.47457627]]))
Average vs. Decent
chi-square value, p value, expected counts
(27.299714835429121, 0.026387155673910822, 15, array([[ 0.51724138,  0.48275862],
       [ 0.51724138,  0.48275862],
       [ 0.51724138,  0.48275862],
       [ 3.62068966,  3.37931034],
       [ 0.51724138,  0.48275862],
       [ 0.51724138,  0.48275862],
       [ 1.03448276,  0.96551724],
       [ 1.55172414,  1.44827586],
       [ 0.51724138,  0.48275862],
       [ 0.51724138,  0.48275862],
       [ 1.03448276,  0.96551724],
       [ 1.03448276,  0.96551724],
       [ 1.55172414,  1.44827586],
       [ 4.65517241,  4.34482759],
       [ 5.68965517,  5.31034483],
       [ 6.20689655,  5.79310345]]))
Average vs Great
chi-square value, p value, expected counts
(45.652910052910059, 6.0364883597580615e-05, 15, array([[  0.54545455,   0.45454545],
       [  0.54545455,   0.45454545],
       [  0.54545455,   0.45454545],
       [  2.72727273,   2.27272727],
       [  0.54545455,   0.45454545],
       [  1.09090909,   0.90909091],
       [  1.09090909,   0.90909091],
       [  0.54545455,   0.45454545],
       [  0.54545455,   0.45454545],
       [  0.54545455,   0.45454545],
       [  1.09090909,   0.90909091],
       [  0.54545455,   0.45454545],
       [  0.54545455,   0.45454545],
       [  3.81818182,   3.18181818],
       [  4.90909091,   4.09090909],
       [ 10.36363636,   8.63636364]]))
Decent vs Great
chi-square value, p value, expected counts
(11.113106758832565, 0.34877414248520416, 10, array([[  1.05660377,   0.94339623],
       [  1.05660377,   0.94339623],
       [  1.05660377,   0.94339623],
       [  0.52830189,   0.47169811],
       [  0.52830189,   0.47169811],
       [  0.52830189,   0.47169811],
       [  0.52830189,   0.47169811],
       [  1.05660377,   0.94339623],
       [  3.16981132,   2.83018868],
       [  2.11320755,   1.88679245],
       [ 16.37735849,  14.62264151]]))
Footer
